/* -*- buffer-read-only: t -*-
   !!!!!!!   DO NOT EDIT THIS FILE   !!!!!!!
   This file is built by regen_perly.pl from perly.y.
   Any changes made here will be lost!
 */

#define YYFINAL  16
/* YYLAST -- Last index in YYTABLE.  */
#define YYLAST   3248

/* YYNTOKENS -- Number of terminals.  */
#define YYNTOKENS  114
/* YYNNTS -- Number of nonterminals.  */
#define YYNNTS  99
/* YYNRULES -- Number of rules.  */
#define YYNRULES  298
/* YYNSTATES -- Number of states.  */
#define YYNSTATES  582

#define YYUNDEFTOK  2
#define YYMAXUTOK   368

/* YYTRANSLATE(TOKEN-NUM) -- Symbol number corresponding to TOKEN-NUM
   as returned by yylex, with out-of-bounds checking.  */
#define YYTRANSLATE(YYX)                                                \
  ((unsigned) (YYX) <= YYMAXUTOK ? yytranslate[YYX] : YYUNDEFTOK)

/* YYTRANSLATE[TOKEN-NUM] -- Symbol number corresponding to TOKEN-NUM
   as returned by yylex.  */
static const yytype_uint8 yytranslate[] =
{
       0,     2,     2,     2,     2,     2,     2,     2,     2,     2,
       2,     2,     2,     2,     2,     2,     2,     2,     2,     2,
       2,     2,     2,     2,     2,     2,     2,     2,     2,     2,
       2,     2,     2,     2,     2,     2,     2,     2,     2,     2,
       2,     2,     2,     2,     2,     2,     2,     2,     2,     2,
       2,     2,     2,     2,     2,     2,     2,     2,     2,     2,
       2,     2,     2,     2,     2,     2,     2,     2,     2,     2,
       2,     2,     2,     2,     2,     2,     2,     2,     2,     2,
       2,     2,     2,     2,     2,     2,     2,     2,     2,     2,
       2,     2,     2,     2,     2,     2,     2,     2,     2,     2,
       2,     2,     2,     2,     2,     2,     2,     2,     2,     2,
       2,     2,     2,     2,     2,     2,     2,     2,     2,     2,
       2,     2,     2,     2,     2,     2,     2,     2,     2,     2,
       2,     2,     2,     2,     2,     2,     2,     2,     2,     2,
       2,     2,     2,     2,     2,     2,     2,     2,     2,     2,
       2,     2,     2,     2,     2,     2,     2,     2,     2,     2,
       2,     2,     2,     2,     2,     2,     2,     2,     2,     2,
       2,     2,     2,     2,     2,     2,     2,     2,     2,     2,
       2,     2,     2,     2,     2,     2,     2,     2,     2,     2,
       2,     2,     2,     2,     2,     2,     2,     2,     2,     2,
       2,     2,     2,     2,     2,     2,     2,     2,     2,     2,
       2,     2,     2,     2,     2,     2,     2,     2,     2,     2,
       2,     2,     2,     2,     2,     2,     2,     2,     2,     2,
       2,     2,     2,     2,     2,     2,     2,     2,     2,     2,
       2,     2,     2,     2,     2,     2,     2,     2,     2,     2,
       2,     2,     2,     2,     2,     2,     1,     2,     3,     4,
       5,     6,     7,     8,     9,    10,    11,    12,    13,    14,
      15,    16,    17,    18,    19,    20,    21,    22,    23,    24,
      25,    26,    27,    28,    29,    30,    31,    32,    33,    34,
      35,    36,    37,    38,    39,    40,    41,    42,    43,    44,
      45,    46,    47,    48,    49,    50,    51,    52,    53,    54,
      55,    56,    57,    58,    59,    60,    61,    62,    63,    64,
      65,    66,    67,    68,    69,    70,    71,    72,    73,    74,
      75,    76,    77,    78,    79,    80,    81,    82,    83,    84,
      85,    86,    87,    88,    89,    90,    91,    92,    93,    94,
      95,    96,    97,    98,    99,   100,   101,   102,   103,   104,
     105,   106,   107,   108,   109,   110,   111,   112,   113
};

#if YYDEBUG
  /* YYRLINE[YYN] -- Source line where rule number YYN was defined.  */
static const yytype_uint16 yyrline[] =
{
       0,   139,   139,   138,   150,   149,   160,   159,   173,   172,
     186,   185,   199,   198,   209,   208,   221,   229,   236,   241,
     248,   254,   256,   265,   267,   276,   280,   284,   291,   301,
     303,   316,   313,   337,   332,   353,   361,   360,   369,   375,
     381,   386,   388,   390,   397,   405,   407,   404,   424,   429,
     436,   435,   450,   458,   465,   467,   464,   473,   480,   479,
     494,   498,   503,   511,   528,   530,   534,   538,   540,   542,
     544,   546,   548,   550,   553,   558,   560,   565,   575,   577,
     582,   588,   590,   594,   598,   602,   607,   611,   615,   616,
     619,   625,   630,   636,   637,   641,   643,   647,   649,   651,
     656,   658,   669,   671,   676,   678,   682,   701,   703,   705,
     711,   776,   778,   784,   786,   790,   795,   797,   801,   803,
     807,   811,   811,   879,   880,   885,   896,   897,   900,   911,
     913,   915,   919,   921,   926,   930,   934,   938,   944,   949,
     955,   961,   963,   965,   968,   967,   978,   979,   983,   987,
     990,   995,  1000,  1003,  1007,  1011,  1017,  1025,  1032,  1038,
    1040,  1042,  1047,  1049,  1051,  1056,  1058,  1060,  1062,  1064,
    1066,  1068,  1070,  1072,  1074,  1076,  1080,  1082,  1084,  1086,
    1088,  1095,  1097,  1101,  1103,  1105,  1107,  1111,  1113,  1118,
    1120,  1123,  1125,  1127,  1130,  1133,  1144,  1147,  1154,  1156,
    1158,  1160,  1162,  1165,  1171,  1173,  1177,  1178,  1179,  1180,
    1181,  1183,  1185,  1187,  1189,  1191,  1193,  1195,  1197,  1199,
    1201,  1203,  1205,  1207,  1209,  1219,  1229,  1239,  1249,  1251,
    1253,  1256,  1261,  1265,  1267,  1269,  1271,  1274,  1276,  1279,
    1281,  1283,  1285,  1287,  1289,  1291,  1293,  1295,  1298,  1300,
    1302,  1304,  1306,  1308,  1312,  1315,  1314,  1327,  1328,  1329,
    1333,  1335,  1337,  1342,  1344,  1347,  1349,  1351,  1356,  1358,
    1362,  1364,  1368,  1370,  1376,  1380,  1381,  1382,  1385,  1386,
    1389,  1390,  1393,  1397,  1401,  1407,  1413,  1415,  1419,  1423,
    1424,  1428,  1429,  1433,  1434,  1439,  1441,  1443,  1446
};
#endif

#if YYDEBUG || YYERROR_VERBOSE || 0
/* YYTNAME[SYMBOL-NUM] -- String name of the symbol SYMBOL-NUM.
   First, the terminals, then, starting at YYNTOKENS, nonterminals.  */
static const char *const yytname[] =
{
  "$end", "error", "$undefined", "GRAMPROG", "GRAMEXPR", "GRAMBLOCK",
  "GRAMBARESTMT", "GRAMFULLSTMT", "GRAMSTMTSEQ", "GRAMSUBSIGNATURE",
  "PERLY_AMPERSAND", "PERLY_BRACE_OPEN", "PERLY_BRACE_CLOSE",
  "PERLY_BRACKET_OPEN", "PERLY_BRACKET_CLOSE", "PERLY_COMMA",
  "PERLY_DOLLAR", "PERLY_DOT", "PERLY_EQUAL_SIGN", "PERLY_MINUS",
  "PERLY_PERCENT_SIGN", "PERLY_PLUS", "PERLY_SEMICOLON", "PERLY_SLASH",
  "PERLY_SNAIL", "PERLY_STAR", "BAREWORD", "METHOD", "FUNCMETH", "THING",
  "PMFUNC", "PRIVATEREF", "QWLIST", "FUNC0OP", "FUNC0SUB", "UNIOPSUB",
  "LSTOPSUB", "PLUGEXPR", "PLUGSTMT", "LABEL", "FORMAT", "SUB", "SIGSUB",
  "ANONSUB", "ANON_SIGSUB", "PACKAGE", "USE", "WHILE", "UNTIL", "IF",
  "UNLESS", "ELSE", "ELSIF", "CONTINUE", "FOR", "GIVEN", "WHEN", "DEFAULT",
  "TRY", "CATCH", "LOOPEX", "DOTDOT", "YADAYADA", "FUNC0", "FUNC1", "FUNC",
  "UNIOP", "LSTOP", "MULOP", "ADDOP", "DOLSHARP", "DO", "HASHBRACK",
  "NOAMP", "LOCAL", "MY", "REQUIRE", "COLONATTR", "FORMLBRACK",
  "FORMRBRACK", "SUBLEXSTART", "SUBLEXEND", "PREC_LOW", "OROP", "ANDOP",
  "NOTOP", "ASSIGNOP", "PERLY_QUESTION_MARK", "PERLY_COLON", "OROR",
  "DORDOR", "ANDAND", "BITOROP", "BITANDOP", "CHEQOP", "NCEQOP", "CHRELOP",
  "NCRELOP", "PLUGRELOP", "SHIFTOP", "MATCHOP", "PERLY_EXCLAMATION_MARK",
  "PERLY_TILDE", "UMINUS", "REFGEN", "POWOP", "PREINC", "PREDEC",
  "POSTINC", "POSTDEC", "POSTJOIN", "ARROW", "PERLY_PAREN_CLOSE",
  "PERLY_PAREN_OPEN", "$accept", "grammar", "@1", "@2", "@3", "@4", "@5",
  "@6", "@7", "block", "formblock", "remember", "mblock", "mremember",
  "stmtseq", "formstmtseq", "fullstmt", "labfullstmt", "barestmt", "$@8",
  "$@9", "$@10", "$@11", "$@12", "@13", "$@14", "$@15", "$@16", "formline",
  "formarg", "condition", "sideff", "else", "cont", "mintro", "nexpr",
  "texpr", "iexpr", "mexpr", "mnexpr", "formname", "startsub",
  "startanonsub", "startformsub", "subname", "proto", "subattrlist",
  "myattrlist", "sigvarname", "sigslurpsigil", "sigslurpelem",
  "sigdefault", "sigscalarelem", "sigelem", "siglist", "siglistornull",
  "optsubsignature", "subsignature", "subsigguts", "$@17", "optsubbody",
  "subbody", "optsigsubbody", "sigsubbody", "expr", "listexpr", "listop",
  "@18", "method", "subscripted", "termbinop", "termrelop", "relopchain",
  "termeqop", "eqopchain", "termunop", "anonymous", "termdo", "term",
  "@19", "myattrterm", "myterm", "optlistexpr", "optexpr", "optrepl",
  "my_scalar", "my_var", "refgen_topic", "my_refgen", "amper", "scalar",
  "ary", "hsh", "arylen", "star", "sliceme", "kvslice", "gelem", "indirob", YY_NULLPTR
};
#endif

# ifdef YYPRINT
/* YYTOKNUM[NUM] -- (External) token number corresponding to the
   (internal) symbol number NUM (which must be that of a token).  */
static const yytype_uint16 yytoknum[] =
{
       0,   256,   257,   258,   259,   260,   261,   262,   263,   264,
     265,   266,   267,   268,   269,   270,   271,   272,   273,   274,
     275,   276,   277,   278,   279,   280,   281,   282,   283,   284,
     285,   286,   287,   288,   289,   290,   291,   292,   293,   294,
     295,   296,   297,   298,   299,   300,   301,   302,   303,   304,
     305,   306,   307,   308,   309,   310,   311,   312,   313,   314,
     315,   316,   317,   318,   319,   320,   321,   322,   323,   324,
     325,   326,   327,   328,   329,   330,   331,   332,   333,   334,
     335,   336,   337,   338,   339,   340,   341,   342,   343,   344,
     345,   346,   347,   348,   349,   350,   351,   352,   353,   354,
     355,   356,   357,   358,   359,   360,   361,   362,   363,   364,
     365,   366,   367,   368
};
# endif

#define YYPACT_NINF -482

#define yypact_value_is_default(Yystate) \
  (!!((Yystate) == (-482)))

#define YYTABLE_NINF -294

#define yytable_value_is_error(Yytable_value) \
  (!!((Yytable_value) == (-294)))

  /* YYPACT[STATE-NUM] -- Index in YYTABLE of the portion describing
     STATE-NUM.  */
static const yytype_int16 yypact[] =
{
    1111,  -482,  -482,  -482,  -482,  -482,  -482,  -482,    20,  -482,
    2927,    47,  1417,  1319,  -482,  -482,  -482,  -482,   252,  1974,
     252,  2927,   252,  2927,   252,   252,  -482,   252,   252,  -482,
    -482,    51,   -41,  -482,  2927,  -482,  -482,  -482,  -482,  2927,
      60,    64,   -32,  2072,  1879,   252,  2072,  2167,   158,  2927,
      59,  2927,  2927,  2927,  2927,  2927,  2927,  2927,  2262,   -46,
      65,  -482,    15,  -482,   -42,     2,    67,    48,  -482,  -482,
    -482,  3047,  -482,  -482,    75,   125,   183,   217,  -482,   186,
     256,   268,   197,  -482,  -482,  -482,  -482,  -482,  -482,   158,
     158,   189,  -482,   108,   114,   136,   139,    33,   142,   153,
      47,   228,   262,   247,  -482,   301,  1057,  1319,  -482,  -482,
    -482,   535,  -482,   129,   633,  -482,  -482,  -482,  -482,  -482,
    -482,     7,  -482,   395,  -482,   395,  -482,  -482,  2927,   200,
     246,  2927,   218,   910,    47,   306,   263,  3047,   234,  2357,
    2927,  1879,  -482,   910,  1776,    65,  -482,  1675,  2927,  -482,
    -482,   910,   339,   126,  -482,  -482,  2927,   910,  3022,  2452,
     285,  -482,  -482,  -482,   910,    65,   395,   395,   395,   328,
     328,   354,   159,  2927,  2927,  2927,  2927,  2927,  2547,  -482,
    -482,  2927,  -482,  -482,  2927,  2927,  2927,  2927,  2927,  2927,
    2927,  2927,  2927,  2927,  2927,  2927,  2927,  2927,  2927,  -482,
    2927,  2927,  2927,  -482,  -482,  -482,    94,  2642,  2927,  2927,
    2927,  2927,  2927,  2927,  2927,  -482,   349,  -482,  -482,   356,
    -482,  -482,  -482,  -482,  -482,   283,   240,  -482,  -482,   276,
    -482,  -482,  -482,  -482,   332,  -482,    47,  -482,  -482,  2927,
    2927,  2927,  2927,  2927,  2927,  -482,  -482,  -482,   362,  -482,
    -482,   362,  -482,  -482,  -482,   386,  -482,  -482,  -482,  2927,
    2927,    13,  -482,  -482,  -482,   263,   389,  -482,  -482,  -482,
     238,   334,   307,  2927,    65,  -482,   409,  -482,  2737,   395,
     285,    11,    12,    34,  -482,   249,   394,  -482,  2927,   411,
     346,  -482,  3047,   154,    17,  -482,   282,   812,   714,  3137,
     384,   341,  3047,   429,   364,   364,  1709,   519,   616,   714,
     714,   812,   812,   317,   395,   395,   417,  2927,  2927,   379,
     422,   423,   440,  -482,   441,  2832,   321,  -482,  -482,   288,
     161,    19,   163,    32,   170,    46,   191,   731,  -482,   436,
    -482,  -482,    40,   442,  2927,  2927,  2927,  2927,  -482,   451,
    -482,  -482,   357,  -482,  -482,  -482,  -482,  1512,   300,  -482,
    2927,  2927,  -482,   358,  -482,  -482,   -46,  -482,   -46,  -482,
    -482,  -482,  -482,  -482,   392,   392,   129,   367,    21,  -482,
    2927,  -482,  -482,   368,  -482,  -482,  -482,  -482,   290,  -482,
      29,   294,  -482,  -482,  -482,    95,  2927,   471,  -482,  -482,
    2927,  -482,   235,   103,  -482,  -482,  -482,  -482,  -482,  -482,
     296,  2927,  -482,   473,  -482,   474,  -482,   475,  -482,   484,
    -482,  -482,  -482,   306,   263,  -482,  -482,   476,   396,   -46,
     399,   400,   -46,   401,   418,  -482,  -482,  -482,  -482,   402,
     508,   258,  -482,  2927,   420,   421,   829,  -482,  2927,  -482,
    -482,  -482,  -482,  2927,   460,  -482,   531,  -482,  -482,   532,
    -482,  -482,    57,  -482,   157,  -482,  3092,   538,  -482,  -482,
     435,  -482,  -482,  -482,  -482,   536,   263,   544,  -482,  2927,
    -482,  -482,   228,   228,  2927,  2927,   228,  -482,   481,   491,
     228,   228,  -482,  -482,  3047,   -46,  -482,  -482,   492,  -482,
    -482,  -482,  -482,   507,   574,  -482,  -482,  -482,  -482,   599,
     228,   228,   210,   210,   510,   511,   247,  2927,  2927,   228,
    -482,  -482,   451,   927,  -482,  1025,  -482,  -482,  -482,  -482,
    1123,  -482,   247,   247,   228,   512,  -482,  -482,   228,   228,
    -482,   604,   520,   247,  -482,  -482,  -482,   145,  -482,  -482,
    -482,  -482,  2927,   247,   247,  -482,   228,  -482,   523,   614,
     560,  -482,   528,  -482,  -482,  -482,   247,   228,  -482,  -482,
    -482,   228,  1607,  -482,  -482,  1221,   210,   533,  -482,  -482,
     228,  -482
};

  /* YYDEFACT[STATE-NUM] -- Default reduction number in state STATE-NUM.
     Performed when YYTABLE does not specify something else to do.  Zero
     means the default is an error.  */
static const yytype_uint16 yydefact[] =
{
       0,     2,     4,     6,     8,    10,    12,    14,     0,    18,
     270,     0,     0,     0,    21,   121,     1,    21,     0,     0,
       0,     0,     0,     0,     0,     0,   257,     0,     0,   228,
     255,   216,   250,   252,   246,    91,   259,    91,    91,   238,
     248,     0,     0,   241,   268,     0,     0,     0,     0,     0,
       0,   244,     0,     0,     0,     0,     0,     0,     0,   271,
     131,   258,   223,   206,   167,   176,   168,   183,   207,   208,
     209,   134,   213,     5,   229,   218,   221,   220,   222,   219,
       0,     0,     0,    18,     7,    67,    62,    29,    92,     0,
       0,     0,    90,     0,     0,     0,     0,     0,     0,     0,
       0,     0,     0,    78,     9,     0,    68,     0,    11,    26,
      25,     0,    15,   116,     0,   295,   298,   297,   296,   282,
     199,     0,   283,   189,   285,   190,   284,   288,   268,     0,
       0,     0,     0,   247,     0,    95,    97,   239,     0,     0,
     270,   270,   242,   243,   295,   269,   141,   296,     0,   286,
     205,   204,     0,     0,    93,    94,   268,   214,     0,     0,
     261,   265,   267,   266,   245,   240,   191,   192,   211,   196,
     197,   217,     0,     0,     0,   132,     0,     0,     0,   179,
     178,     0,   186,   185,     0,     0,     0,     0,     0,     0,
       0,     0,     0,     0,     0,     0,     0,     0,     0,   180,
       0,     0,     0,   193,   194,   195,     0,     0,     0,     0,
       0,     0,     0,     0,     0,    21,    89,    90,    90,     0,
      36,    18,    18,    18,    18,    18,     0,    18,    18,     0,
      18,    18,    42,    20,     0,    61,     0,    57,    60,     0,
       0,     0,     0,     0,     0,    28,    27,    22,   102,   105,
     104,   102,   112,   111,   115,   117,   122,   198,   139,   270,
       0,     0,   251,   144,    96,    97,    99,    18,   249,   253,
       0,     0,     0,     0,   135,   201,     0,   232,     0,   212,
       0,   218,   221,   220,   264,     0,   101,   260,     0,   215,
     130,   129,   133,     0,     0,   158,     0,   182,   188,   171,
     164,   165,   162,     0,   173,   174,   172,   170,   169,   187,
     184,   181,   177,   166,   175,   163,     0,     0,     0,     0,
     292,   290,   294,   146,     0,     0,   138,   147,   230,     0,
       0,     0,     0,     0,     0,     0,     0,     0,    88,     0,
      31,    33,     0,     0,    83,     0,     0,     0,   280,     0,
     281,   278,     0,   279,   275,   276,   277,     0,     0,    18,
       0,     0,    21,     0,    79,    71,    66,    72,    85,    69,
      70,    73,    74,   103,   107,   107,   113,     0,   272,   160,
     268,    18,    98,   118,   203,   254,   143,   142,     0,   200,
     217,     0,   262,   263,   100,     0,     0,     0,   151,   157,
       0,   236,     0,     0,   233,   235,   234,   237,   287,   155,
       0,   270,   231,     0,   149,     0,   224,     0,   225,     0,
      16,    18,    30,    95,    97,    18,    35,     0,     0,    84,
       0,     0,    86,     0,     0,   274,    18,    82,    87,     0,
       0,    68,    50,     0,     0,     0,     0,    54,   108,   110,
     106,   114,   140,     0,     0,   145,     0,   202,   121,     0,
     119,   136,   215,   161,     0,   154,   210,     0,   150,   156,
       0,   152,   226,   227,   148,     0,    97,    18,    58,   268,
      80,    80,     0,     0,     0,     0,     0,    45,     0,     0,
       0,     0,    19,    18,   109,   273,   256,    21,     0,    21,
     159,   153,   137,     0,    18,   127,    34,   126,    21,     0,
       0,     0,    75,    75,     0,     0,    78,    83,     0,     0,
      40,    41,     0,     0,   120,     0,    23,   124,    32,   123,
       0,    37,    78,    78,     0,     0,    38,    39,     0,     0,
      53,     0,     0,    78,    55,   125,   128,     0,    59,    43,
      44,    76,     0,    78,    78,    46,     0,    49,     0,     0,
      64,    24,     0,    48,    52,    80,    78,     0,    17,    21,
      63,     0,     0,    51,    56,     0,    75,     0,    65,    77,
       0,    47
};

  /* YYPGOTO[NTERM-NUM].  */
static const yytype_int16 yypgoto[] =
{
    -482,  -482,  -482,  -482,  -482,  -482,  -482,  -482,  -482,    41,
    -482,    -5,  -127,  -482,   -17,  -482,   540,   543,     6,  -482,
    -482,  -482,  -482,  -482,  -482,  -482,  -482,  -482,  -482,  -482,
     155,  -343,  -481,  -185,  -466,  -482,   130,   311,  -304,    79,
    -482,    55,   291,  -482,   324,   241,  -264,   406,   443,  -482,
    -482,   326,  -482,   316,  -482,  -482,  -482,  -482,   244,  -482,
    -482,   213,  -482,   242,    -8,   -36,  -482,  -482,  -482,  -482,
    -482,  -482,  -482,  -482,  -482,  -482,  -482,  -482,   101,  -482,
    -482,   562,  -122,  -100,  -482,  -482,   365,  -482,  -482,   496,
     -15,   -33,   -31,  -482,  -482,  -482,  -482,  -482,    49
};

  /* YYDEFGOTO[NTERM-NUM].  */
static const yytype_int16 yydefgoto[] =
{
      -1,     8,     9,    10,    11,    12,    13,    14,    15,   103,
     422,   383,   234,   362,   111,   547,   247,   109,   110,   423,
     424,   343,   517,   565,   488,   493,   558,   508,   561,   570,
     365,   105,   536,   237,   510,   438,   428,   367,   431,   440,
     339,   220,   134,   216,   156,   265,   267,   287,   374,   251,
     252,   449,   253,   254,   255,   256,   459,   460,   112,   113,
     528,   457,   506,   384,   106,    60,    61,   380,   326,    62,
      63,    64,    65,    66,    67,    68,    69,    70,    71,   130,
      72,   160,   146,    73,   454,   434,   351,   352,   228,    74,
      75,    76,    77,    78,    79,    80,    81,    82,   122
};

  /* YYTABLE[YYPACT[STATE-NUM]] -- What to do in state STATE-NUM.  If
     positive, shift that token.  If negative, reduce the rule whose
     number is the opposite.  If YYTABLE_NINF, syntax error.  */
static const yytype_int16 yytable[] =
{
     114,   381,    59,   118,    17,   118,   258,   118,   145,   118,
     118,   121,   118,   118,   437,   511,   165,   162,   104,   163,
      16,   257,   208,  -289,   209,  -289,   176,   379,   177,   147,
     118,   398,   537,   414,   277,   161,   175,   173,   174,   153,
     271,   272,   288,   433,   453,  -291,   416,  -291,   140,    20,
     172,   425,    84,   439,   179,   180,   444,   445,    83,   117,
     418,   117,   426,   117,   131,   117,   117,   119,   117,   117,
     396,   124,   132,   126,   127,    20,   128,   129,   215,    22,
     175,   141,   229,    24,   142,   117,   117,   150,  -265,  -267,
     173,   174,   145,   148,   149,   579,   173,   174,   181,   572,
     173,   174,   173,   174,   316,   317,  -264,   318,   225,   463,
     319,  -266,   274,   246,   320,   173,   174,   468,   321,   322,
     145,   323,   123,   261,   125,   282,   147,   283,   178,   173,
     174,   270,    59,    59,  -263,   133,   208,   226,   209,   489,
     137,   232,   184,   281,   143,   248,   227,   151,   276,   249,
     157,   285,   164,   250,   166,   167,   168,   169,   170,   377,
     477,   182,   183,   158,   324,   290,   291,   559,   293,   294,
     296,   500,   159,   138,   560,   263,   397,   139,   173,   174,
     514,   515,   117,   413,   154,   415,   173,   174,   207,   155,
     273,   327,   417,   355,  -289,   356,  -289,  -293,   337,   329,
     330,   331,   332,   333,   334,   335,   336,   325,   214,   173,
     174,   354,   504,   419,   542,   219,   344,   345,   346,   347,
     349,   221,   357,   358,   378,   360,   361,   222,  -291,   437,
    -291,   366,   368,   366,   366,   366,   366,   173,   174,   233,
     173,   174,   173,   174,   173,   174,   173,   174,   562,   223,
      18,    59,   224,   173,   174,   230,    20,   467,   455,   279,
      22,   534,   535,    83,    24,   388,   231,   210,    20,   211,
     391,   289,   340,   341,   173,   174,   292,   364,   115,   212,
     395,   213,   297,   116,   235,   298,   299,   300,   301,   302,
     303,   304,   305,   306,   307,   308,   309,   310,   311,   312,
     236,   313,   314,   315,   118,   239,   240,   241,   242,   402,
     403,   470,   243,   259,   244,   350,    20,   410,   173,   174,
      22,   173,   174,   238,    24,   355,   260,   356,   135,   136,
     262,   540,   173,   174,   435,   264,   429,   368,   432,   432,
     266,   173,   174,   354,   145,   446,   268,   549,   550,   441,
     385,   275,   432,   432,   443,   512,   513,   509,   557,   516,
     117,   393,   286,   520,   521,   173,   174,   288,   563,   564,
     -86,   173,   174,   173,   174,   338,   456,   173,   174,   173,
     174,   573,   342,   532,   533,   186,   187,   348,   464,   359,
      83,   363,   543,   373,   399,    20,   369,   370,   371,   372,
     412,   376,   461,    59,   404,   115,   462,   551,   469,   186,
     116,   553,   554,   217,   218,   386,   475,   201,   382,   387,
     478,   389,   202,   394,   396,   203,   204,   205,   206,   566,
     174,   485,   186,   187,   411,   432,  -294,  -294,  -294,   206,
     574,   201,   401,   145,   576,   495,   202,   405,   406,   203,
     204,   205,   206,   581,   421,   192,   193,   194,   195,   196,
     197,   198,   199,   200,   201,   407,   408,    20,   427,   202,
     436,   447,   203,   204,   205,   206,   432,   432,   448,   452,
     523,   458,   525,   465,   201,   471,   472,   473,   522,   202,
     185,   530,   203,   204,   205,   206,   474,   186,   187,   456,
     202,   466,   479,   203,   204,   205,   206,   544,   480,   429,
     432,   481,   482,   483,   486,   188,   189,   400,   190,   191,
     192,   193,   194,   195,   196,   197,   198,   199,   200,   201,
     487,   484,   490,   491,   202,   -13,    85,   203,   204,   205,
     206,   496,   497,   499,   432,    18,    83,   502,    19,   494,
     501,    20,   575,   108,    21,    22,    23,    86,   503,    24,
      25,    26,    27,    28,    29,    30,   505,    31,    32,    33,
      34,    35,    36,    87,   107,    88,    89,    90,    37,    38,
      91,    92,    93,    94,    95,    96,   526,   186,   187,    97,
      98,    99,   100,   101,   518,    39,   527,   102,    40,    41,
      42,    43,    44,   519,   524,    45,    46,    47,    48,    49,
      50,    51,   194,   195,   196,   197,   198,   199,   200,   201,
      52,   531,   538,   539,   202,   552,   555,   203,   204,   205,
     206,   568,   556,    -3,    85,   567,    53,    54,   569,    55,
     571,    56,    57,    18,    83,   580,    19,   541,    58,    20,
     245,   577,    21,    22,    23,    86,   430,    24,    25,    26,
      27,    28,    29,    30,   476,    31,    32,    33,    34,    35,
      36,    87,   107,    88,    89,    90,    37,    38,    91,    92,
      93,    94,    95,    96,   186,   187,   392,    97,    98,    99,
     100,   101,   451,    39,   375,   102,    40,    41,    42,    43,
      44,   450,   498,    45,    46,    47,    48,    49,    50,    51,
     195,   196,   197,   198,   199,   200,   201,   529,    52,   507,
     280,   202,   353,   442,   203,   204,   205,   206,     0,     0,
       0,     0,    85,     0,    53,    54,     0,    55,     0,    56,
      57,    18,    83,   420,    19,     0,    58,    20,     0,     0,
      21,    22,    23,    86,     0,    24,    25,    26,    27,    28,
      29,    30,     0,    31,    32,    33,    34,    35,    36,    87,
     107,    88,    89,    90,    37,    38,    91,    92,    93,    94,
      95,    96,   186,   187,     0,    97,    98,    99,   100,   101,
       0,    39,     0,   102,    40,    41,    42,    43,    44,     0,
       0,    45,    46,    47,    48,    49,    50,    51,     0,     0,
     197,   198,   199,   200,   201,     0,    52,     0,     0,   202,
       0,     0,   203,   204,   205,   206,     0,     0,     0,     0,
      85,     0,    53,    54,     0,    55,     0,    56,    57,    18,
      83,   492,    19,     0,    58,    20,     0,     0,    21,    22,
      23,    86,     0,    24,    25,    26,    27,    28,    29,    30,
       0,    31,    32,    33,    34,    35,    36,    87,   107,    88,
      89,    90,    37,    38,    91,    92,    93,    94,    95,    96,
     186,   187,     0,    97,    98,    99,   100,   101,     0,    39,
       0,   102,    40,    41,    42,    43,    44,     0,     0,    45,
      46,    47,    48,    49,    50,    51,     0,     0,     0,     0,
     199,   200,   201,     0,    52,     0,     0,   202,     0,     0,
     203,   204,   205,   206,     0,     0,     0,     0,    85,     0,
      53,    54,     0,    55,     0,    56,    57,    18,    83,   545,
      19,     0,    58,    20,     0,     0,    21,    22,    23,    86,
       0,    24,    25,    26,    27,    28,    29,    30,     0,    31,
      32,    33,    34,    35,    36,    87,   107,    88,    89,    90,
      37,    38,    91,    92,    93,    94,    95,    96,   186,   187,
       0,    97,    98,    99,   100,   101,     0,    39,     0,   102,
      40,    41,    42,    43,    44,     0,     0,    45,    46,    47,
      48,    49,    50,    51,     0,     0,     0,     0,     0,   200,
     201,     0,    52,     0,     0,   202,     0,     0,   203,   204,
     205,   206,     0,     0,     0,     0,    85,     0,    53,    54,
       0,    55,     0,    56,    57,    18,    83,   546,    19,     0,
      58,    20,     0,     0,    21,    22,    23,    86,     0,    24,
      25,    26,    27,    28,    29,    30,     0,    31,    32,    33,
      34,    35,    36,    87,   107,    88,    89,    90,    37,    38,
      91,    92,    93,    94,    95,    96,     0,     0,     0,    97,
      98,    99,   100,   101,     0,    39,     0,   102,    40,    41,
      42,    43,    44,     0,     0,    45,    46,    47,    48,    49,
      50,    51,     0,     0,   239,   240,   241,   242,     0,     0,
      52,   243,     0,   244,     1,     2,     3,     4,     5,     6,
       7,     0,     0,     0,    85,     0,    53,    54,     0,    55,
       0,    56,    57,    18,    83,   548,    19,     0,    58,    20,
     173,   174,    21,    22,    23,    86,     0,    24,    25,    26,
      27,    28,    29,    30,     0,    31,    32,    33,    34,    35,
      36,    87,   107,    88,    89,    90,    37,    38,    91,    92,
      93,    94,    95,    96,     0,     0,     0,    97,    98,    99,
     100,   101,     0,    39,     0,   102,    40,    41,    42,    43,
      44,     0,     0,    45,    46,    47,    48,    49,    50,    51,
       0,     0,     0,     0,     0,     0,     0,     0,    52,     0,
       0,     0,     0,     0,     0,     0,     0,     0,     0,     0,
       0,     0,    85,     0,    53,    54,     0,    55,     0,    56,
      57,    18,    83,     0,    19,     0,    58,    20,     0,     0,
      21,    22,    23,    86,     0,    24,    25,    26,    27,    28,
      29,    30,     0,    31,    32,    33,    34,    35,    36,    87,
     107,    88,    89,    90,    37,    38,    91,    92,    93,    94,
      95,    96,     0,     0,     0,    97,    98,    99,   100,   101,
       0,    39,     0,   102,    40,    41,    42,    43,    44,     0,
       0,    45,    46,    47,    48,    49,    50,    51,     0,     0,
     578,     0,     0,     0,     0,     0,    52,     0,     0,     0,
       0,     0,     0,     0,     0,     0,     0,     0,     0,     0,
      85,     0,    53,    54,     0,    55,     0,    56,    57,    18,
      83,     0,    19,     0,    58,    20,     0,     0,    21,    22,
      23,    86,     0,    24,    25,    26,    27,    28,    29,    30,
       0,    31,    32,    33,    34,    35,    36,    87,   107,    88,
      89,    90,    37,    38,    91,    92,    93,    94,    95,    96,
       0,     0,     0,    97,    98,    99,   100,   101,     0,    39,
       0,   102,    40,    41,    42,    43,    44,     0,     0,    45,
      46,    47,    48,    49,    50,    51,     0,     0,     0,     0,
       0,     0,     0,     0,    52,     0,     0,     0,     0,     0,
       0,     0,     0,     0,     0,     0,     0,     0,    85,     0,
      53,    54,     0,    55,     0,    56,    57,    18,    83,     0,
      19,     0,    58,    20,     0,     0,    21,    22,    23,    86,
       0,    24,    25,    26,    27,    28,    29,    30,     0,    31,
      32,    33,    34,    35,    36,    87,     0,    88,    89,    90,
      37,    38,    91,    92,    93,    94,    95,    96,     0,     0,
       0,    97,    98,    99,   100,   101,     0,    39,     0,   102,
      40,    41,    42,    43,    44,     0,     0,    45,    46,    47,
      48,    49,    50,    51,     0,     0,     0,     0,     0,     0,
       0,     0,    52,     0,     0,     0,     0,     0,     0,     0,
       0,     0,     0,    85,     0,     0,     0,     0,    53,    54,
       0,    55,    18,    56,    57,    19,     0,     0,    20,     0,
      58,    21,    22,    23,   -81,     0,    24,    25,    26,    27,
      28,    29,    30,     0,    31,    32,    33,    34,    35,    36,
       0,     0,     0,     0,     0,    37,    38,     0,     0,     0,
       0,     0,     0,     0,     0,     0,     0,     0,     0,     0,
       0,     0,    39,     0,     0,    40,    41,    42,    43,    44,
       0,     0,    45,    46,    47,    48,    49,    50,    51,     0,
       0,     0,     0,     0,     0,     0,     0,    52,     0,     0,
       0,     0,     0,     0,     0,     0,     0,     0,    85,     0,
       0,     0,     0,    53,    54,     0,    55,    18,    56,    57,
      19,     0,     0,    20,     0,    58,    21,    22,    23,     0,
       0,    24,    25,    26,    27,    28,    29,    30,     0,    31,
      32,    33,    34,    35,    36,     0,     0,     0,     0,     0,
      37,    38,     0,     0,     0,     0,     0,     0,     0,     0,
       0,     0,     0,     0,     0,     0,     0,    39,     0,     0,
      40,    41,    42,    43,    44,  -218,     0,    45,    46,    47,
      48,    49,    50,    51,     0,     0,   208,     0,   209,  -218,
    -218,     0,    52,     0,     0,     0,     0,  -218,  -218,     0,
       0,     0,     0,     0,     0,     0,     0,     0,    53,    54,
       0,    55,     0,    56,    57,     0,     0,     0,     0,   -81,
      58,     0,  -218,  -218,  -218,  -218,     0,     0,     0,  -218,
       0,  -218,     0,     0,     0,     0,  -218,     0,     0,     0,
       0,     0,     0,  -218,  -218,     0,     0,     0,     0,     0,
       0,     0,     0,     0,     0,     0,  -218,     0,  -218,  -218,
       0,  -218,  -218,  -218,  -218,  -218,  -218,  -218,  -218,  -218,
    -218,  -218,  -218,  -218,  -218,  -218,  -257,   186,   187,     0,
    -218,     0,     0,  -218,  -218,  -218,  -218,  -218,     0,     0,
    -257,  -257,     0,     0,     0,     0,     0,     0,  -257,  -257,
       0,   193,   194,   195,   196,   197,   198,   199,   200,   201,
       0,     0,     0,     0,   202,     0,     0,   203,   204,   205,
     206,     0,     0,  -257,  -257,  -257,  -257,     0,     0,     0,
    -257,     0,  -257,     0,     0,     0,     0,  -257,     0,     0,
       0,     0,     0,     0,  -257,  -257,     0,     0,     0,     0,
       0,     0,     0,     0,     0,     0,     0,  -257,     0,  -257,
    -257,     0,  -257,  -257,  -257,  -257,  -257,  -257,  -257,  -257,
    -257,  -257,  -257,  -257,  -257,  -257,  -257,     0,     0,     0,
       0,  -257,     0,     0,  -257,  -257,  -257,  -257,  -257,    18,
      83,     0,    19,     0,     0,    20,     0,     0,    21,    22,
      23,     0,     0,    24,    25,   144,    27,    28,    29,    30,
     116,    31,    32,    33,    34,    35,    36,     0,     0,     0,
       0,     0,    37,    38,     0,     0,     0,     0,     0,     0,
       0,     0,     0,     0,     0,     0,     0,     0,     0,    39,
       0,     0,    40,    41,    42,    43,    44,     0,     0,    45,
      46,    47,    48,    49,    50,    51,     0,     0,     0,     0,
       0,     0,     0,     0,    52,     0,     0,     0,     0,     0,
       0,     0,     0,     0,     0,     0,     0,     0,     0,     0,
      53,    54,     0,    55,    18,    56,    57,    19,   120,     0,
      20,     0,    58,    21,    22,    23,     0,     0,    24,    25,
      26,    27,    28,    29,    30,     0,    31,    32,    33,    34,
      35,    36,     0,     0,     0,     0,     0,    37,    38,     0,
       0,     0,     0,     0,     0,     0,     0,     0,     0,     0,
       0,     0,     0,     0,    39,     0,     0,    40,    41,    42,
      43,    44,     0,     0,    45,    46,    47,    48,    49,    50,
      51,     0,     0,     0,     0,     0,     0,     0,     0,    52,
       0,     0,     0,     0,     0,     0,     0,     0,     0,     0,
       0,     0,     0,     0,     0,    53,    54,     0,    55,     0,
      56,    57,    18,    83,     0,    19,     0,    58,    20,     0,
       0,    21,    22,    23,     0,     0,    24,    25,    26,    27,
      28,    29,    30,     0,    31,    32,    33,    34,    35,    36,
       0,     0,     0,     0,     0,    37,    38,     0,     0,     0,
       0,     0,     0,     0,     0,     0,     0,     0,     0,     0,
       0,     0,    39,     0,     0,    40,    41,    42,    43,    44,
       0,     0,    45,    46,    47,    48,    49,    50,    51,     0,
       0,     0,     0,     0,     0,     0,     0,    52,     0,     0,
       0,     0,     0,     0,     0,     0,     0,     0,     0,     0,
       0,     0,     0,    53,    54,     0,    55,    18,    56,    57,
      19,     0,     0,    20,     0,    58,    21,    22,    23,   152,
       0,    24,    25,    26,    27,    28,    29,    30,     0,    31,
      32,    33,    34,    35,    36,     0,     0,     0,     0,     0,
      37,    38,     0,     0,     0,     0,     0,     0,     0,     0,
       0,     0,     0,     0,     0,     0,     0,    39,     0,     0,
      40,    41,    42,    43,    44,     0,     0,    45,    46,    47,
      48,    49,    50,    51,     0,     0,     0,     0,     0,     0,
       0,     0,    52,     0,     0,     0,     0,     0,     0,     0,
       0,     0,     0,     0,     0,     0,     0,     0,    53,    54,
       0,    55,    18,    56,    57,    19,     0,     0,    20,     0,
      58,    21,    22,    23,     0,     0,    24,    25,    26,    27,
      28,    29,    30,     0,    31,    32,    33,    34,    35,    36,
       0,     0,     0,     0,     0,    37,    38,     0,     0,     0,
       0,     0,     0,     0,     0,     0,     0,     0,     0,     0,
       0,     0,    39,     0,     0,    40,    41,    42,    43,    44,
       0,     0,    45,    46,    47,    48,    49,    50,    51,     0,
       0,     0,     0,     0,     0,     0,     0,    52,     0,     0,
       0,     0,     0,     0,     0,     0,     0,     0,     0,     0,
       0,     0,     0,    53,    54,     0,    55,    18,    56,    57,
      19,     0,     0,    20,   171,    58,    21,    22,    23,     0,
       0,    24,    25,    26,    27,    28,    29,    30,     0,    31,
      32,    33,    34,    35,    36,     0,     0,     0,     0,     0,
      37,    38,     0,     0,     0,     0,     0,     0,     0,     0,
       0,     0,     0,     0,     0,     0,     0,    39,     0,     0,
      40,    41,    42,    43,    44,     0,     0,    45,    46,    47,
      48,    49,    50,    51,     0,     0,     0,     0,     0,     0,
       0,     0,    52,     0,     0,     0,     0,     0,     0,     0,
       0,     0,     0,     0,     0,     0,     0,     0,    53,    54,
       0,    55,    18,    56,    57,    19,     0,     0,    20,   269,
      58,    21,    22,    23,     0,     0,    24,    25,    26,    27,
      28,    29,    30,     0,    31,    32,    33,    34,    35,    36,
       0,     0,     0,     0,     0,    37,    38,     0,     0,     0,
       0,     0,     0,     0,     0,     0,     0,     0,     0,     0,
       0,     0,    39,     0,     0,    40,    41,    42,    43,    44,
       0,     0,    45,    46,    47,    48,    49,    50,    51,     0,
       0,     0,     0,     0,     0,     0,     0,    52,     0,     0,
       0,     0,     0,     0,     0,     0,     0,     0,     0,     0,
       0,     0,     0,    53,    54,     0,    55,    18,    56,    57,
      19,     0,     0,    20,   284,    58,    21,    22,    23,     0,
       0,    24,    25,    26,    27,    28,    29,    30,     0,    31,
      32,    33,    34,    35,    36,     0,     0,     0,     0,     0,
      37,    38,     0,     0,     0,     0,     0,     0,     0,     0,
       0,     0,     0,     0,     0,     0,     0,    39,     0,     0,
      40,    41,    42,    43,    44,     0,     0,    45,    46,    47,
      48,    49,    50,    51,     0,     0,     0,     0,     0,     0,
       0,     0,    52,     0,     0,     0,     0,     0,     0,     0,
       0,     0,     0,     0,     0,     0,     0,     0,    53,    54,
       0,    55,    18,    56,    57,    19,     0,     0,    20,   295,
      58,    21,    22,    23,     0,     0,    24,    25,    26,    27,
      28,    29,    30,     0,    31,    32,    33,    34,    35,    36,
       0,     0,     0,     0,     0,    37,    38,     0,     0,     0,
       0,     0,     0,     0,     0,     0,     0,     0,     0,     0,
       0,     0,    39,     0,     0,    40,    41,    42,    43,    44,
       0,     0,    45,    46,    47,    48,    49,    50,    51,     0,
       0,     0,     0,     0,     0,     0,     0,    52,     0,     0,
       0,     0,     0,     0,     0,     0,     0,     0,     0,     0,
       0,     0,     0,    53,    54,     0,    55,    18,    56,    57,
      19,     0,     0,    20,   328,    58,    21,    22,    23,     0,
       0,    24,    25,    26,    27,    28,    29,    30,     0,    31,
      32,    33,    34,    35,    36,     0,     0,     0,     0,     0,
      37,    38,     0,     0,     0,     0,     0,     0,     0,     0,
       0,     0,     0,     0,     0,     0,     0,    39,     0,     0,
      40,    41,    42,    43,    44,     0,     0,    45,    46,    47,
      48,    49,    50,    51,     0,     0,     0,     0,     0,     0,
       0,     0,    52,     0,     0,     0,     0,     0,     0,     0,
       0,     0,     0,     0,     0,     0,     0,     0,    53,    54,
       0,    55,    18,    56,    57,    19,     0,     0,    20,   390,
      58,    21,    22,    23,     0,     0,    24,    25,    26,    27,
      28,    29,    30,     0,    31,    32,    33,    34,    35,    36,
       0,     0,     0,     0,     0,    37,    38,     0,     0,     0,
       0,     0,     0,     0,     0,     0,     0,     0,     0,     0,
       0,     0,    39,     0,     0,    40,    41,    42,    43,    44,
       0,     0,    45,    46,    47,    48,    49,    50,    51,     0,
       0,     0,     0,     0,     0,     0,     0,    52,     0,     0,
       0,     0,     0,     0,     0,     0,     0,     0,     0,     0,
       0,     0,     0,    53,    54,     0,    55,    18,    56,    57,
      19,     0,     0,    20,   409,    58,    21,    22,    23,     0,
       0,    24,    25,    26,    27,    28,    29,    30,     0,    31,
      32,    33,    34,    35,    36,     0,     0,     0,     0,     0,
      37,    38,     0,     0,     0,     0,     0,     0,     0,     0,
       0,     0,     0,     0,     0,     0,     0,    39,     0,     0,
      40,    41,    42,    43,    44,     0,     0,    45,    46,    47,
      48,    49,    50,    51,     0,     0,     0,     0,     0,     0,
       0,     0,    52,     0,     0,     0,     0,     0,     0,     0,
       0,     0,     0,     0,     0,     0,     0,     0,    53,    54,
       0,    55,    18,    56,    57,    19,     0,     0,    20,     0,
      58,    21,    22,    23,     0,     0,    24,    25,    26,    27,
      28,    29,    30,     0,    31,    32,    33,    34,    35,    36,
       0,     0,     0,     0,     0,    37,    38,     0,     0,     0,
       0,     0,     0,     0,     0,     0,     0,     0,     0,     0,
       0,     0,    39,     0,     0,    40,    41,    42,    43,    44,
       0,     0,    45,    46,    47,    48,    49,    50,    51,     0,
       0,     0,     0,     0,     0,     0,     0,    52,   185,     0,
       0,     0,     0,     0,     0,   186,   187,     0,     0,     0,
       0,     0,     0,    53,    54,     0,    55,     0,    56,    57,
       0,     0,     0,   188,   189,   278,   190,   191,   192,   193,
     194,   195,   196,   197,   198,   199,   200,   201,     0,     0,
       0,     0,   202,   185,     0,   203,   204,   205,   206,     0,
     186,   187,     0,     0,     0,     0,     0,     0,     0,     0,
       0,     0,     0,     0,     0,     0,     0,     0,     0,   189,
       0,   190,   191,   192,   193,   194,   195,   196,   197,   198,
     199,   200,   201,     0,     0,     0,     0,   202,  -294,     0,
     203,   204,   205,   206,     0,   186,   187,     0,     0,     0,
       0,     0,     0,     0,     0,     0,     0,     0,     0,     0,
       0,     0,     0,     0,     0,     0,   190,   191,   192,   193,
     194,   195,   196,   197,   198,   199,   200,   201,     0,     0,
       0,     0,   202,     0,     0,   203,   204,   205,   206
};

static const yytype_int16 yycheck[] =
{
      17,   265,    10,    18,     9,    20,   128,    22,    44,    24,
      25,    19,    27,    28,   357,   481,    52,    50,    12,    50,
       0,    14,    11,    11,    13,    13,    11,    14,    13,    44,
      45,    14,   513,    14,   156,    50,    15,    83,    84,    47,
     140,   141,    13,   347,    23,    11,    14,    13,    80,    16,
      58,    11,    11,   357,    96,    97,   360,   361,    11,    18,
      14,    20,    22,    22,    13,    24,    25,    18,    27,    28,
      13,    22,   113,    24,    25,    16,    27,    28,    83,    20,
      15,   113,    97,    24,    43,    44,    45,    46,    77,    77,
      83,    84,   128,    44,    45,   576,    83,    84,    96,   565,
      83,    84,    83,    84,    10,    11,    77,    13,    75,    14,
      16,    77,   148,   107,    20,    83,    84,    14,    24,    25,
     156,    27,    21,   131,    23,   158,   141,   158,   113,    83,
      84,   139,   140,   141,    77,    34,    11,   104,    13,   443,
      39,   100,    94,   158,    43,    16,   113,    46,    22,    20,
      49,   159,    51,    24,    53,    54,    55,    56,    57,   259,
     424,    94,    95,   104,    70,   173,   174,    22,   176,   177,
     178,    14,   113,   113,    29,   134,    22,   113,    83,    84,
     484,   485,   141,    22,    26,    22,    83,    84,   113,    31,
     141,   206,    22,   226,    11,   226,    13,    11,   215,   207,
     208,   209,   210,   211,   212,   213,   214,   113,    11,    83,
      84,   226,   476,    22,   518,    26,   221,   222,   223,   224,
     225,   113,   227,   228,   260,   230,   231,   113,    11,   572,
      13,   239,   240,   241,   242,   243,   244,    83,    84,    11,
      83,    84,    83,    84,    83,    84,    83,    84,   552,   113,
      10,   259,   113,    83,    84,   113,    16,    22,   380,   158,
      20,    51,    52,    11,    24,   273,   113,    11,    16,    13,
     278,   112,   217,   218,    83,    84,   175,   236,    26,    11,
     288,    13,   181,    31,    22,   184,   185,   186,   187,   188,
     189,   190,   191,   192,   193,   194,   195,   196,   197,   198,
      53,   200,   201,   202,   319,    47,    48,    49,    50,   317,
     318,   411,    54,   113,    56,    75,    16,   325,    83,    84,
      20,    83,    84,    22,    24,   358,    80,   358,    37,    38,
     112,   516,    83,    84,   349,    29,   344,   345,   346,   347,
      77,    83,    84,   358,   380,   362,   112,   532,   533,   357,
     112,    12,   360,   361,   359,   482,   483,   479,   543,   486,
     319,   112,    77,   490,   491,    83,    84,    13,   553,   554,
     112,    83,    84,    83,    84,    26,   381,    83,    84,    83,
      84,   566,    26,   510,   511,    68,    69,   104,   396,   113,
      11,    59,   519,    31,   112,    16,   241,   242,   243,   244,
     112,    15,   112,   411,    25,    26,   112,   534,   112,    68,
      31,   538,   539,    89,    90,    81,   421,   100,    29,   112,
     425,    12,   105,    29,    13,   108,   109,   110,   111,   556,
      84,   436,    68,    69,   113,   443,   108,   109,   110,   111,
     567,   100,    25,   479,   571,   453,   105,    25,    25,   108,
     109,   110,   111,   580,    18,    91,    92,    93,    94,    95,
      96,    97,    98,    99,   100,    25,    25,    16,    26,   105,
     113,   113,   108,   109,   110,   111,   484,   485,    86,   112,
     497,   113,   499,    12,   100,    12,    12,    12,   493,   105,
      61,   508,   108,   109,   110,   111,    12,    68,    69,   504,
     105,   400,    26,   108,   109,   110,   111,   522,   112,   517,
     518,   112,   112,   112,   112,    86,    87,    88,    89,    90,
      91,    92,    93,    94,    95,    96,    97,    98,    99,   100,
      22,   113,   112,   112,   105,     0,     1,   108,   109,   110,
     111,    81,    11,    11,   552,    10,    11,   112,    13,   448,
      12,    16,   569,    13,    19,    20,    21,    22,    22,    24,
      25,    26,    27,    28,    29,    30,    22,    32,    33,    34,
      35,    36,    37,    38,    39,    40,    41,    42,    43,    44,
      45,    46,    47,    48,    49,    50,    79,    68,    69,    54,
      55,    56,    57,    58,   113,    60,    22,    62,    63,    64,
      65,    66,    67,   112,   112,    70,    71,    72,    73,    74,
      75,    76,    93,    94,    95,    96,    97,    98,    99,   100,
      85,    22,   112,   112,   105,   113,    22,   108,   109,   110,
     111,    17,   112,     0,     1,   112,   101,   102,    78,   104,
     112,   106,   107,    10,    11,   112,    13,   517,   113,    16,
     107,   572,    19,    20,    21,    22,   345,    24,    25,    26,
      27,    28,    29,    30,   423,    32,    33,    34,    35,    36,
      37,    38,    39,    40,    41,    42,    43,    44,    45,    46,
      47,    48,    49,    50,    68,    69,   280,    54,    55,    56,
      57,    58,   376,    60,   251,    62,    63,    64,    65,    66,
      67,   375,   458,    70,    71,    72,    73,    74,    75,    76,
      94,    95,    96,    97,    98,    99,   100,   504,    85,   477,
     158,   105,   226,   358,   108,   109,   110,   111,    -1,    -1,
      -1,    -1,     1,    -1,   101,   102,    -1,   104,    -1,   106,
     107,    10,    11,    12,    13,    -1,   113,    16,    -1,    -1,
      19,    20,    21,    22,    -1,    24,    25,    26,    27,    28,
      29,    30,    -1,    32,    33,    34,    35,    36,    37,    38,
      39,    40,    41,    42,    43,    44,    45,    46,    47,    48,
      49,    50,    68,    69,    -1,    54,    55,    56,    57,    58,
      -1,    60,    -1,    62,    63,    64,    65,    66,    67,    -1,
      -1,    70,    71,    72,    73,    74,    75,    76,    -1,    -1,
      96,    97,    98,    99,   100,    -1,    85,    -1,    -1,   105,
      -1,    -1,   108,   109,   110,   111,    -1,    -1,    -1,    -1,
       1,    -1,   101,   102,    -1,   104,    -1,   106,   107,    10,
      11,    12,    13,    -1,   113,    16,    -1,    -1,    19,    20,
      21,    22,    -1,    24,    25,    26,    27,    28,    29,    30,
      -1,    32,    33,    34,    35,    36,    37,    38,    39,    40,
      41,    42,    43,    44,    45,    46,    47,    48,    49,    50,
      68,    69,    -1,    54,    55,    56,    57,    58,    -1,    60,
      -1,    62,    63,    64,    65,    66,    67,    -1,    -1,    70,
      71,    72,    73,    74,    75,    76,    -1,    -1,    -1,    -1,
      98,    99,   100,    -1,    85,    -1,    -1,   105,    -1,    -1,
     108,   109,   110,   111,    -1,    -1,    -1,    -1,     1,    -1,
     101,   102,    -1,   104,    -1,   106,   107,    10,    11,    12,
      13,    -1,   113,    16,    -1,    -1,    19,    20,    21,    22,
      -1,    24,    25,    26,    27,    28,    29,    30,    -1,    32,
      33,    34,    35,    36,    37,    38,    39,    40,    41,    42,
      43,    44,    45,    46,    47,    48,    49,    50,    68,    69,
      -1,    54,    55,    56,    57,    58,    -1,    60,    -1,    62,
      63,    64,    65,    66,    67,    -1,    -1,    70,    71,    72,
      73,    74,    75,    76,    -1,    -1,    -1,    -1,    -1,    99,
     100,    -1,    85,    -1,    -1,   105,    -1,    -1,   108,   109,
     110,   111,    -1,    -1,    -1,    -1,     1,    -1,   101,   102,
      -1,   104,    -1,   106,   107,    10,    11,    12,    13,    -1,
     113,    16,    -1,    -1,    19,    20,    21,    22,    -1,    24,
      25,    26,    27,    28,    29,    30,    -1,    32,    33,    34,
      35,    36,    37,    38,    39,    40,    41,    42,    43,    44,
      45,    46,    47,    48,    49,    50,    -1,    -1,    -1,    54,
      55,    56,    57,    58,    -1,    60,    -1,    62,    63,    64,
      65,    66,    67,    -1,    -1,    70,    71,    72,    73,    74,
      75,    76,    -1,    -1,    47,    48,    49,    50,    -1,    -1,
      85,    54,    -1,    56,     3,     4,     5,     6,     7,     8,
       9,    -1,    -1,    -1,     1,    -1,   101,   102,    -1,   104,
      -1,   106,   107,    10,    11,    12,    13,    -1,   113,    16,
      83,    84,    19,    20,    21,    22,    -1,    24,    25,    26,
      27,    28,    29,    30,    -1,    32,    33,    34,    35,    36,
      37,    38,    39,    40,    41,    42,    43,    44,    45,    46,
      47,    48,    49,    50,    -1,    -1,    -1,    54,    55,    56,
      57,    58,    -1,    60,    -1,    62,    63,    64,    65,    66,
      67,    -1,    -1,    70,    71,    72,    73,    74,    75,    76,
      -1,    -1,    -1,    -1,    -1,    -1,    -1,    -1,    85,    -1,
      -1,    -1,    -1,    -1,    -1,    -1,    -1,    -1,    -1,    -1,
      -1,    -1,     1,    -1,   101,   102,    -1,   104,    -1,   106,
     107,    10,    11,    -1,    13,    -1,   113,    16,    -1,    -1,
      19,    20,    21,    22,    -1,    24,    25,    26,    27,    28,
      29,    30,    -1,    32,    33,    34,    35,    36,    37,    38,
      39,    40,    41,    42,    43,    44,    45,    46,    47,    48,
      49,    50,    -1,    -1,    -1,    54,    55,    56,    57,    58,
      -1,    60,    -1,    62,    63,    64,    65,    66,    67,    -1,
      -1,    70,    71,    72,    73,    74,    75,    76,    -1,    -1,
      79,    -1,    -1,    -1,    -1,    -1,    85,    -1,    -1,    -1,
      -1,    -1,    -1,    -1,    -1,    -1,    -1,    -1,    -1,    -1,
       1,    -1,   101,   102,    -1,   104,    -1,   106,   107,    10,
      11,    -1,    13,    -1,   113,    16,    -1,    -1,    19,    20,
      21,    22,    -1,    24,    25,    26,    27,    28,    29,    30,
      -1,    32,    33,    34,    35,    36,    37,    38,    39,    40,
      41,    42,    43,    44,    45,    46,    47,    48,    49,    50,
      -1,    -1,    -1,    54,    55,    56,    57,    58,    -1,    60,
      -1,    62,    63,    64,    65,    66,    67,    -1,    -1,    70,
      71,    72,    73,    74,    75,    76,    -1,    -1,    -1,    -1,
      -1,    -1,    -1,    -1,    85,    -1,    -1,    -1,    -1,    -1,
      -1,    -1,    -1,    -1,    -1,    -1,    -1,    -1,     1,    -1,
     101,   102,    -1,   104,    -1,   106,   107,    10,    11,    -1,
      13,    -1,   113,    16,    -1,    -1,    19,    20,    21,    22,
      -1,    24,    25,    26,    27,    28,    29,    30,    -1,    32,
      33,    34,    35,    36,    37,    38,    -1,    40,    41,    42,
      43,    44,    45,    46,    47,    48,    49,    50,    -1,    -1,
      -1,    54,    55,    56,    57,    58,    -1,    60,    -1,    62,
      63,    64,    65,    66,    67,    -1,    -1,    70,    71,    72,
      73,    74,    75,    76,    -1,    -1,    -1,    -1,    -1,    -1,
      -1,    -1,    85,    -1,    -1,    -1,    -1,    -1,    -1,    -1,
      -1,    -1,    -1,     1,    -1,    -1,    -1,    -1,   101,   102,
      -1,   104,    10,   106,   107,    13,    -1,    -1,    16,    -1,
     113,    19,    20,    21,    22,    -1,    24,    25,    26,    27,
      28,    29,    30,    -1,    32,    33,    34,    35,    36,    37,
      -1,    -1,    -1,    -1,    -1,    43,    44,    -1,    -1,    -1,
      -1,    -1,    -1,    -1,    -1,    -1,    -1,    -1,    -1,    -1,
      -1,    -1,    60,    -1,    -1,    63,    64,    65,    66,    67,
      -1,    -1,    70,    71,    72,    73,    74,    75,    76,    -1,
      -1,    -1,    -1,    -1,    -1,    -1,    -1,    85,    -1,    -1,
      -1,    -1,    -1,    -1,    -1,    -1,    -1,    -1,     1,    -1,
      -1,    -1,    -1,   101,   102,    -1,   104,    10,   106,   107,
      13,    -1,    -1,    16,    -1,   113,    19,    20,    21,    -1,
      -1,    24,    25,    26,    27,    28,    29,    30,    -1,    32,
      33,    34,    35,    36,    37,    -1,    -1,    -1,    -1,    -1,
      43,    44,    -1,    -1,    -1,    -1,    -1,    -1,    -1,    -1,
      -1,    -1,    -1,    -1,    -1,    -1,    -1,    60,    -1,    -1,
      63,    64,    65,    66,    67,     0,    -1,    70,    71,    72,
      73,    74,    75,    76,    -1,    -1,    11,    -1,    13,    14,
      15,    -1,    85,    -1,    -1,    -1,    -1,    22,    23,    -1,
      -1,    -1,    -1,    -1,    -1,    -1,    -1,    -1,   101,   102,
      -1,   104,    -1,   106,   107,    -1,    -1,    -1,    -1,   112,
     113,    -1,    47,    48,    49,    50,    -1,    -1,    -1,    54,
      -1,    56,    -1,    -1,    -1,    -1,    61,    -1,    -1,    -1,
      -1,    -1,    -1,    68,    69,    -1,    -1,    -1,    -1,    -1,
      -1,    -1,    -1,    -1,    -1,    -1,    81,    -1,    83,    84,
      -1,    86,    87,    88,    89,    90,    91,    92,    93,    94,
      95,    96,    97,    98,    99,   100,     0,    68,    69,    -1,
     105,    -1,    -1,   108,   109,   110,   111,   112,    -1,    -1,
      14,    15,    -1,    -1,    -1,    -1,    -1,    -1,    22,    23,
      -1,    92,    93,    94,    95,    96,    97,    98,    99,   100,
      -1,    -1,    -1,    -1,   105,    -1,    -1,   108,   109,   110,
     111,    -1,    -1,    47,    48,    49,    50,    -1,    -1,    -1,
      54,    -1,    56,    -1,    -1,    -1,    -1,    61,    -1,    -1,
      -1,    -1,    -1,    -1,    68,    69,    -1,    -1,    -1,    -1,
      -1,    -1,    -1,    -1,    -1,    -1,    -1,    81,    -1,    83,
      84,    -1,    86,    87,    88,    89,    90,    91,    92,    93,
      94,    95,    96,    97,    98,    99,   100,    -1,    -1,    -1,
      -1,   105,    -1,    -1,   108,   109,   110,   111,   112,    10,
      11,    -1,    13,    -1,    -1,    16,    -1,    -1,    19,    20,
      21,    -1,    -1,    24,    25,    26,    27,    28,    29,    30,
      31,    32,    33,    34,    35,    36,    37,    -1,    -1,    -1,
      -1,    -1,    43,    44,    -1,    -1,    -1,    -1,    -1,    -1,
      -1,    -1,    -1,    -1,    -1,    -1,    -1,    -1,    -1,    60,
      -1,    -1,    63,    64,    65,    66,    67,    -1,    -1,    70,
      71,    72,    73,    74,    75,    76,    -1,    -1,    -1,    -1,
      -1,    -1,    -1,    -1,    85,    -1,    -1,    -1,    -1,    -1,
      -1,    -1,    -1,    -1,    -1,    -1,    -1,    -1,    -1,    -1,
     101,   102,    -1,   104,    10,   106,   107,    13,    14,    -1,
      16,    -1,   113,    19,    20,    21,    -1,    -1,    24,    25,
      26,    27,    28,    29,    30,    -1,    32,    33,    34,    35,
      36,    37,    -1,    -1,    -1,    -1,    -1,    43,    44,    -1,
      -1,    -1,    -1,    -1,    -1,    -1,    -1,    -1,    -1,    -1,
      -1,    -1,    -1,    -1,    60,    -1,    -1,    63,    64,    65,
      66,    67,    -1,    -1,    70,    71,    72,    73,    74,    75,
      76,    -1,    -1,    -1,    -1,    -1,    -1,    -1,    -1,    85,
      -1,    -1,    -1,    -1,    -1,    -1,    -1,    -1,    -1,    -1,
      -1,    -1,    -1,    -1,    -1,   101,   102,    -1,   104,    -1,
     106,   107,    10,    11,    -1,    13,    -1,   113,    16,    -1,
      -1,    19,    20,    21,    -1,    -1,    24,    25,    26,    27,
      28,    29,    30,    -1,    32,    33,    34,    35,    36,    37,
      -1,    -1,    -1,    -1,    -1,    43,    44,    -1,    -1,    -1,
      -1,    -1,    -1,    -1,    -1,    -1,    -1,    -1,    -1,    -1,
      -1,    -1,    60,    -1,    -1,    63,    64,    65,    66,    67,
      -1,    -1,    70,    71,    72,    73,    74,    75,    76,    -1,
      -1,    -1,    -1,    -1,    -1,    -1,    -1,    85,    -1,    -1,
      -1,    -1,    -1,    -1,    -1,    -1,    -1,    -1,    -1,    -1,
      -1,    -1,    -1,   101,   102,    -1,   104,    10,   106,   107,
      13,    -1,    -1,    16,    -1,   113,    19,    20,    21,    22,
      -1,    24,    25,    26,    27,    28,    29,    30,    -1,    32,
      33,    34,    35,    36,    37,    -1,    -1,    -1,    -1,    -1,
      43,    44,    -1,    -1,    -1,    -1,    -1,    -1,    -1,    -1,
      -1,    -1,    -1,    -1,    -1,    -1,    -1,    60,    -1,    -1,
      63,    64,    65,    66,    67,    -1,    -1,    70,    71,    72,
      73,    74,    75,    76,    -1,    -1,    -1,    -1,    -1,    -1,
      -1,    -1,    85,    -1,    -1,    -1,    -1,    -1,    -1,    -1,
      -1,    -1,    -1,    -1,    -1,    -1,    -1,    -1,   101,   102,
      -1,   104,    10,   106,   107,    13,    -1,    -1,    16,    -1,
     113,    19,    20,    21,    -1,    -1,    24,    25,    26,    27,
      28,    29,    30,    -1,    32,    33,    34,    35,    36,    37,
      -1,    -1,    -1,    -1,    -1,    43,    44,    -1,    -1,    -1,
      -1,    -1,    -1,    -1,    -1,    -1,    -1,    -1,    -1,    -1,
      -1,    -1,    60,    -1,    -1,    63,    64,    65,    66,    67,
      -1,    -1,    70,    71,    72,    73,    74,    75,    76,    -1,
      -1,    -1,    -1,    -1,    -1,    -1,    -1,    85,    -1,    -1,
      -1,    -1,    -1,    -1,    -1,    -1,    -1,    -1,    -1,    -1,
      -1,    -1,    -1,   101,   102,    -1,   104,    10,   106,   107,
      13,    -1,    -1,    16,   112,   113,    19,    20,    21,    -1,
      -1,    24,    25,    26,    27,    28,    29,    30,    -1,    32,
      33,    34,    35,    36,    37,    -1,    -1,    -1,    -1,    -1,
      43,    44,    -1,    -1,    -1,    -1,    -1,    -1,    -1,    -1,
      -1,    -1,    -1,    -1,    -1,    -1,    -1,    60,    -1,    -1,
      63,    64,    65,    66,    67,    -1,    -1,    70,    71,    72,
      73,    74,    75,    76,    -1,    -1,    -1,    -1,    -1,    -1,
      -1,    -1,    85,    -1,    -1,    -1,    -1,    -1,    -1,    -1,
      -1,    -1,    -1,    -1,    -1,    -1,    -1,    -1,   101,   102,
      -1,   104,    10,   106,   107,    13,    -1,    -1,    16,   112,
     113,    19,    20,    21,    -1,    -1,    24,    25,    26,    27,
      28,    29,    30,    -1,    32,    33,    34,    35,    36,    37,
      -1,    -1,    -1,    -1,    -1,    43,    44,    -1,    -1,    -1,
      -1,    -1,    -1,    -1,    -1,    -1,    -1,    -1,    -1,    -1,
      -1,    -1,    60,    -1,    -1,    63,    64,    65,    66,    67,
      -1,    -1,    70,    71,    72,    73,    74,    75,    76,    -1,
      -1,    -1,    -1,    -1,    -1,    -1,    -1,    85,    -1,    -1,
      -1,    -1,    -1,    -1,    -1,    -1,    -1,    -1,    -1,    -1,
      -1,    -1,    -1,   101,   102,    -1,   104,    10,   106,   107,
      13,    -1,    -1,    16,   112,   113,    19,    20,    21,    -1,
      -1,    24,    25,    26,    27,    28,    29,    30,    -1,    32,
      33,    34,    35,    36,    37,    -1,    -1,    -1,    -1,    -1,
      43,    44,    -1,    -1,    -1,    -1,    -1,    -1,    -1,    -1,
      -1,    -1,    -1,    -1,    -1,    -1,    -1,    60,    -1,    -1,
      63,    64,    65,    66,    67,    -1,    -1,    70,    71,    72,
      73,    74,    75,    76,    -1,    -1,    -1,    -1,    -1,    -1,
      -1,    -1,    85,    -1,    -1,    -1,    -1,    -1,    -1,    -1,
      -1,    -1,    -1,    -1,    -1,    -1,    -1,    -1,   101,   102,
      -1,   104,    10,   106,   107,    13,    -1,    -1,    16,   112,
     113,    19,    20,    21,    -1,    -1,    24,    25,    26,    27,
      28,    29,    30,    -1,    32,    33,    34,    35,    36,    37,
      -1,    -1,    -1,    -1,    -1,    43,    44,    -1,    -1,    -1,
      -1,    -1,    -1,    -1,    -1,    -1,    -1,    -1,    -1,    -1,
      -1,    -1,    60,    -1,    -1,    63,    64,    65,    66,    67,
      -1,    -1,    70,    71,    72,    73,    74,    75,    76,    -1,
      -1,    -1,    -1,    -1,    -1,    -1,    -1,    85,    -1,    -1,
      -1,    -1,    -1,    -1,    -1,    -1,    -1,    -1,    -1,    -1,
      -1,    -1,    -1,   101,   102,    -1,   104,    10,   106,   107,
      13,    -1,    -1,    16,   112,   113,    19,    20,    21,    -1,
      -1,    24,    25,    26,    27,    28,    29,    30,    -1,    32,
      33,    34,    35,    36,    37,    -1,    -1,    -1,    -1,    -1,
      43,    44,    -1,    -1,    -1,    -1,    -1,    -1,    -1,    -1,
      -1,    -1,    -1,    -1,    -1,    -1,    -1,    60,    -1,    -1,
      63,    64,    65,    66,    67,    -1,    -1,    70,    71,    72,
      73,    74,    75,    76,    -1,    -1,    -1,    -1,    -1,    -1,
      -1,    -1,    85,    -1,    -1,    -1,    -1,    -1,    -1,    -1,
      -1,    -1,    -1,    -1,    -1,    -1,    -1,    -1,   101,   102,
      -1,   104,    10,   106,   107,    13,    -1,    -1,    16,   112,
     113,    19,    20,    21,    -1,    -1,    24,    25,    26,    27,
      28,    29,    30,    -1,    32,    33,    34,    35,    36,    37,
      -1,    -1,    -1,    -1,    -1,    43,    44,    -1,    -1,    -1,
      -1,    -1,    -1,    -1,    -1,    -1,    -1,    -1,    -1,    -1,
      -1,    -1,    60,    -1,    -1,    63,    64,    65,    66,    67,
      -1,    -1,    70,    71,    72,    73,    74,    75,    76,    -1,
      -1,    -1,    -1,    -1,    -1,    -1,    -1,    85,    -1,    -1,
      -1,    -1,    -1,    -1,    -1,    -1,    -1,    -1,    -1,    -1,
      -1,    -1,    -1,   101,   102,    -1,   104,    10,   106,   107,
      13,    -1,    -1,    16,   112,   113,    19,    20,    21,    -1,
      -1,    24,    25,    26,    27,    28,    29,    30,    -1,    32,
      33,    34,    35,    36,    37,    -1,    -1,    -1,    -1,    -1,
      43,    44,    -1,    -1,    -1,    -1,    -1,    -1,    -1,    -1,
      -1,    -1,    -1,    -1,    -1,    -1,    -1,    60,    -1,    -1,
      63,    64,    65,    66,    67,    -1,    -1,    70,    71,    72,
      73,    74,    75,    76,    -1,    -1,    -1,    -1,    -1,    -1,
      -1,    -1,    85,    -1,    -1,    -1,    -1,    -1,    -1,    -1,
      -1,    -1,    -1,    -1,    -1,    -1,    -1,    -1,   101,   102,
      -1,   104,    10,   106,   107,    13,    -1,    -1,    16,    -1,
     113,    19,    20,    21,    -1,    -1,    24,    25,    26,    27,
      28,    29,    30,    -1,    32,    33,    34,    35,    36,    37,
      -1,    -1,    -1,    -1,    -1,    43,    44,    -1,    -1,    -1,
      -1,    -1,    -1,    -1,    -1,    -1,    -1,    -1,    -1,    -1,
      -1,    -1,    60,    -1,    -1,    63,    64,    65,    66,    67,
      -1,    -1,    70,    71,    72,    73,    74,    75,    76,    -1,
      -1,    -1,    -1,    -1,    -1,    -1,    -1,    85,    61,    -1,
      -1,    -1,    -1,    -1,    -1,    68,    69,    -1,    -1,    -1,
      -1,    -1,    -1,   101,   102,    -1,   104,    -1,   106,   107,
      -1,    -1,    -1,    86,    87,   113,    89,    90,    91,    92,
      93,    94,    95,    96,    97,    98,    99,   100,    -1,    -1,
      -1,    -1,   105,    61,    -1,   108,   109,   110,   111,    -1,
      68,    69,    -1,    -1,    -1,    -1,    -1,    -1,    -1,    -1,
      -1,    -1,    -1,    -1,    -1,    -1,    -1,    -1,    -1,    87,
      -1,    89,    90,    91,    92,    93,    94,    95,    96,    97,
      98,    99,   100,    -1,    -1,    -1,    -1,   105,    61,    -1,
     108,   109,   110,   111,    -1,    68,    69,    -1,    -1,    -1,
      -1,    -1,    -1,    -1,    -1,    -1,    -1,    -1,    -1,    -1,
      -1,    -1,    -1,    -1,    -1,    -1,    89,    90,    91,    92,
      93,    94,    95,    96,    97,    98,    99,   100,    -1,    -1,
      -1,    -1,   105,    -1,    -1,   108,   109,   110,   111
};

  /* YYSTOS[STATE-NUM] -- The (internal number of the) accessing
     symbol of state STATE-NUM.  */
static const yytype_uint8 yystos[] =
{
       0,     3,     4,     5,     6,     7,     8,     9,   115,   116,
     117,   118,   119,   120,   121,   122,     0,   125,    10,    13,
      16,    19,    20,    21,    24,    25,    26,    27,    28,    29,
      30,    32,    33,    34,    35,    36,    37,    43,    44,    60,
      63,    64,    65,    66,    67,    70,    71,    72,    73,    74,
      75,    76,    85,   101,   102,   104,   106,   107,   113,   178,
     179,   180,   183,   184,   185,   186,   187,   188,   189,   190,
     191,   192,   194,   197,   203,   204,   205,   206,   207,   208,
     209,   210,   211,    11,   123,     1,    22,    38,    40,    41,
      42,    45,    46,    47,    48,    49,    50,    54,    55,    56,
      57,    58,    62,   123,   132,   145,   178,    39,   130,   131,
     132,   128,   172,   173,   128,    26,    31,   123,   204,   212,
      14,   178,   212,   192,   212,   192,   212,   212,   212,   212,
     193,    13,   113,   192,   156,   156,   156,   192,   113,   113,
      80,   113,   123,   192,    26,   179,   196,   204,   212,   212,
     123,   192,    22,   178,    26,    31,   158,   192,   104,   113,
     195,   204,   205,   206,   192,   179,   192,   192,   192,   192,
     192,   112,   178,    83,    84,    15,    11,    13,   113,    96,
      97,    96,    94,    95,    94,    61,    68,    69,    86,    87,
      89,    90,    91,    92,    93,    94,    95,    96,    97,    98,
      99,   100,   105,   108,   109,   110,   111,   113,    11,    13,
      11,    13,    11,    13,    11,   125,   157,   158,   158,    26,
     155,   113,   113,   113,   113,    75,   104,   113,   202,   204,
     113,   113,   123,    11,   126,    22,    53,   147,    22,    47,
      48,    49,    50,    54,    56,   131,   132,   130,    16,    20,
      24,   163,   164,   166,   167,   168,   169,    14,   196,   113,
      80,   178,   112,   123,    29,   159,    77,   160,   112,   112,
     178,   197,   197,   212,   179,    12,    22,   196,   113,   192,
     195,   204,   205,   206,   112,   178,    77,   161,    13,   112,
     178,   178,   192,   178,   178,   112,   178,   192,   192,   192,
     192,   192,   192,   192,   192,   192,   192,   192,   192,   192,
     192,   192,   192,   192,   192,   192,    10,    11,    13,    16,
      20,    24,    25,    27,    70,   113,   182,   204,   112,   178,
     178,   178,   178,   178,   178,   178,   178,   128,    26,   154,
     155,   155,    26,   135,   125,   125,   125,   125,   104,   125,
      75,   200,   201,   203,   204,   205,   206,   125,   125,   113,
     125,   125,   127,    59,   123,   144,   178,   151,   178,   144,
     144,   144,   144,    31,   162,   162,    15,   197,   179,    14,
     181,   160,    29,   125,   177,   112,    81,   112,   178,    12,
     112,   178,   161,   112,    29,   178,    13,    22,    14,   112,
      88,    25,   178,   178,    25,    25,    25,    25,    25,   112,
     178,   113,   112,    22,    14,    22,    14,    22,    14,    22,
      12,    18,   124,   133,   134,    11,    22,    26,   150,   178,
     151,   152,   178,   152,   199,   204,   113,   145,   149,   152,
     153,   178,   200,   125,   152,   152,   128,   113,    86,   165,
     165,   167,   112,    23,   198,   196,   125,   175,   113,   170,
     171,   112,   112,    14,   178,    12,   192,    22,    14,   112,
     197,    12,    12,    12,    12,   125,   159,   160,   125,    26,
     112,   112,   112,   112,   113,   125,   112,    22,   138,   152,
     112,   112,    12,   139,   192,   178,    81,    11,   172,    11,
      14,    12,   112,    22,   160,    22,   176,   177,   141,   196,
     148,   148,   126,   126,   152,   152,   126,   136,   113,   112,
     126,   126,   125,   128,   112,   128,    79,    22,   174,   175,
     128,    22,   126,   126,    51,    52,   146,   146,   112,   112,
     147,   150,   152,   126,   204,    12,    12,   129,    12,   147,
     147,   126,   113,   126,   126,    22,   112,   147,   140,    22,
      29,   142,   152,   147,   147,   137,   126,   112,    17,    78,
     143,   112,   148,   147,   126,   128,   126,   153,    79,   146,
     112,   126
};

  /* YYR1[YYN] -- Symbol number of symbol that rule YYN derives.  */
static const yytype_uint8 yyr1[] =
{
       0,   114,   116,   115,   117,   115,   118,   115,   119,   115,
     120,   115,   121,   115,   122,   115,   123,   124,   125,   126,
     127,   128,   128,   129,   129,   130,   130,   131,   131,   132,
     132,   133,   132,   134,   132,   132,   135,   132,   132,   132,
     132,   132,   132,   132,   132,   136,   137,   132,   132,   132,
     138,   132,   132,   132,   139,   140,   132,   132,   141,   132,
     132,   132,   132,   142,   143,   143,   144,   145,   145,   145,
     145,   145,   145,   145,   145,   146,   146,   146,   147,   147,
     148,   149,   149,   150,   150,   151,   152,   153,   154,   154,
     155,   156,   157,   158,   158,   159,   159,   160,   160,   160,
     161,   161,   162,   162,   163,   163,   164,   165,   165,   165,
     166,   167,   167,   168,   168,   168,   169,   169,   170,   170,
     171,   173,   172,   174,   174,   175,   176,   176,   177,   178,
     178,   178,   179,   179,   179,   180,   180,   180,   180,   180,
     180,   180,   180,   180,   181,   180,   182,   182,   183,   183,
     183,   183,   183,   183,   183,   183,   183,   183,   183,   183,
     183,   183,   184,   184,   184,   184,   184,   184,   184,   184,
     184,   184,   184,   184,   184,   184,   185,   185,   185,   185,
     185,   186,   186,   187,   187,   187,   187,   188,   188,   189,
     189,   189,   189,   189,   189,   189,   189,   189,   190,   190,
     190,   190,   190,   190,   191,   191,   192,   192,   192,   192,
     192,   192,   192,   192,   192,   192,   192,   192,   192,   192,
     192,   192,   192,   192,   192,   192,   192,   192,   192,   192,
     192,   192,   192,   192,   192,   192,   192,   192,   192,   192,
     192,   192,   192,   192,   192,   192,   192,   192,   192,   192,
     192,   192,   192,   192,   192,   193,   192,   192,   192,   192,
     194,   194,   194,   195,   195,   195,   195,   195,   196,   196,
     197,   197,   198,   198,   199,   200,   200,   200,   201,   201,
     202,   202,   203,   204,   205,   206,   207,   207,   208,   209,
     209,   210,   210,   211,   211,   212,   212,   212,   212
};

  /* YYR2[YYN] -- Number of symbols on the right hand side of rule YYN.  */
static const yytype_uint8 yyr2[] =
{
       0,     2,     0,     4,     0,     3,     0,     3,     0,     3,
       0,     3,     0,     3,     0,     3,     4,     7,     0,     4,
       0,     0,     2,     0,     2,     1,     1,     2,     2,     1,
       4,     0,     7,     0,     6,     4,     0,     7,     7,     7,
       6,     6,     2,     8,     8,     0,     0,    13,     9,     8,
       0,    10,     9,     7,     0,     0,    10,     2,     0,     8,
       2,     2,     1,     2,     0,     3,     1,     1,     1,     3,
       3,     3,     3,     3,     3,     0,     2,     6,     0,     2,
       0,     0,     1,     0,     1,     1,     1,     1,     1,     0,
       0,     0,     0,     1,     1,     0,     1,     0,     2,     1,
       2,     1,     0,     1,     1,     1,     3,     0,     1,     2,
       3,     1,     1,     2,     3,     1,     0,     1,     0,     1,
       3,     0,     2,     1,     1,     4,     1,     1,     5,     3,
       3,     1,     2,     3,     1,     3,     5,     6,     3,     3,
       5,     2,     4,     4,     0,     5,     1,     1,     5,     4,
       5,     4,     5,     6,     5,     4,     5,     4,     3,     6,
       4,     5,     3,     3,     3,     3,     3,     1,     1,     3,
       3,     3,     3,     3,     3,     3,     1,     3,     2,     2,
       2,     3,     3,     1,     3,     2,     2,     3,     3,     2,
       2,     2,     2,     2,     2,     2,     2,     2,     3,     2,
       4,     3,     5,     4,     2,     2,     1,     1,     1,     1,
       5,     2,     3,     1,     2,     3,     1,     2,     1,     1,
       1,     1,     1,     1,     4,     4,     5,     5,     1,     1,
       3,     4,     3,     4,     4,     4,     4,     4,     1,     2,
       2,     1,     2,     2,     1,     2,     1,     2,     1,     3,
       1,     3,     1,     3,     4,     0,     6,     1,     1,     1,
       3,     2,     4,     3,     2,     1,     1,     1,     0,     1,
       0,     1,     0,     2,     1,     1,     1,     1,     1,     1,
       2,     2,     2,     2,     2,     2,     2,     4,     2,     1,
       3,     1,     3,     1,     3,     1,     1,     1,     1
};

typedef enum {
	toketype_ival, toketype_opval
} toketypes;

/* type of each token/terminal */
static const toketypes yy_type_tab[] =
{
  toketype_ival, toketype_ival, toketype_ival, toketype_ival, toketype_ival, toketype_ival,
  toketype_ival, toketype_ival, toketype_ival, toketype_ival,
  toketype_ival, toketype_ival, toketype_ival,
  toketype_ival, toketype_ival, toketype_ival,
  toketype_ival, toketype_ival, toketype_ival, toketype_ival,
  toketype_ival, toketype_ival, toketype_ival, toketype_ival,
  toketype_ival, toketype_ival, toketype_opval, toketype_opval, toketype_opval, toketype_opval,
  toketype_opval, toketype_opval, toketype_opval, toketype_opval, toketype_opval, toketype_opval,
  toketype_opval, toketype_opval, toketype_opval, toketype_opval, toketype_ival, toketype_ival, toketype_ival,
  toketype_ival, toketype_ival, toketype_ival, toketype_ival, toketype_ival, toketype_ival, toketype_ival,
  toketype_ival, toketype_ival, toketype_ival, toketype_ival, toketype_ival, toketype_ival, toketype_ival, toketype_ival,
  toketype_ival, toketype_ival, toketype_ival, toketype_ival, toketype_ival, toketype_ival, toketype_ival, toketype_ival,
  toketype_ival, toketype_ival, toketype_ival, toketype_ival, toketype_ival, toketype_ival, toketype_ival,
  toketype_ival, toketype_ival, toketype_ival, toketype_ival, toketype_ival, toketype_ival,
  toketype_ival, toketype_ival, toketype_ival, toketype_ival, toketype_ival, toketype_ival,
  toketype_ival, toketype_ival, toketype_ival, toketype_ival, toketype_ival,
  toketype_ival, toketype_ival, toketype_ival, toketype_ival, toketype_ival, toketype_ival, toketype_ival,
  toketype_ival, toketype_ival, toketype_ival, toketype_ival, toketype_ival,
  toketype_ival, toketype_ival, toketype_ival, toketype_ival, toketype_ival, toketype_ival,
  toketype_ival, toketype_ival, toketype_ival, toketype_ival, toketype_ival,
  toketype_ival, toketype_ival, toketype_ival, toketype_ival, toketype_ival, toketype_ival, toketype_ival, toketype_ival,
  toketype_ival, toketype_ival, toketype_opval, toketype_opval, toketype_ival, toketype_opval, toketype_ival,
  toketype_opval, toketype_opval, toketype_opval, toketype_opval, toketype_opval, toketype_ival,
  toketype_ival, toketype_ival, toketype_ival, toketype_ival, toketype_ival, toketype_ival, toketype_ival, toketype_ival, toketype_opval,
  toketype_opval, toketype_opval, toketype_opval, toketype_opval, toketype_opval, toketype_ival, toketype_opval,
  toketype_opval, toketype_opval, toketype_opval, toketype_opval, toketype_opval, toketype_ival,
  toketype_ival, toketype_ival, toketype_opval, toketype_opval, toketype_opval,
  toketype_opval, toketype_opval, toketype_ival, toketype_opval,
  toketype_opval, toketype_opval, toketype_opval, toketype_opval, toketype_opval,
  toketype_opval, toketype_opval, toketype_opval, toketype_ival, toketype_opval,
  toketype_opval, toketype_opval, toketype_opval, toketype_opval, toketype_opval, toketype_opval,
  toketype_ival, toketype_opval, toketype_opval, toketype_opval, toketype_opval, toketype_opval,
  toketype_opval, toketype_opval, toketype_opval, toketype_opval, toketype_opval, toketype_opval,
  toketype_ival, toketype_opval, toketype_opval, toketype_opval, toketype_opval, toketype_opval,
  toketype_opval, toketype_opval, toketype_opval, toketype_ival, toketype_opval, toketype_opval,
  toketype_opval, toketype_opval, toketype_opval, toketype_opval, toketype_opval, toketype_opval, toketype_opval, toketype_opval
};

/* Generated from:
 * 5a4d55d8501232c9e1f55d8729c7db13e1e36af1c22b41e35389efa2bf4541f0 perly.y
 * acf1cbfd2545faeaaa58b1cf0cf9d7f98b5be0752eb7a54528ef904a9e2e1ca7 regen_perly.pl
 * ex: set ro: */
